Tcl_0: [-0.004410, -0.999990, -0.000780, 0.033900, 
        0.011830, 0.000730, -0.999930, -0.013920, 
        0.999920, -0.004420, 0.011830, -0.000080, 
        0.000000, 0.000000, 0.000000, 1.000000]
cam_0: 
   image_width: 1600
   image_height: 1296
   k2: -0.014116
   k3: 0.053238
   k4: -0.164491
   k5: 0.199945
   k6: -0.123606
   k7: 0.028643
   p1: 0.000000
   p2: 0.000000
   A11: 734.712462
   A12: 0.035345
   A22: 734.353476
   u0: 809.416147
   v0: 666.854970
